[Variables]
current_tool = -1
t0_offset_x = 0.0
t0_offset_y = 0.0
t0_offset_z = 0.0
t1_offset_x = 0.4625
t1_offset_y = 0.01875
t1_offset_z = -0.125313
t2_offset_x = 0.13125
t2_offset_y = 0.165625
t2_offset_z = -0.077813
t3_offset_x = 0.459375
t3_offset_y = -0.4875
t3_offset_z = -0.179688
total_heat_wait_time = 0.0
total_pickup_time = 14.453779220581055
total_release_time = 6.577767848968506
total_tool_changes = 2
total_toolchange_time = 13.834517240524292

